[[1.0, 0.5206652828853207, 0.3996903510555183, -0.21278156242201032, -0.04017224509749137, 0.7189073644623784, 0.5825948113162989, 0.39013413087421367, -0.5783636897057262, 0.09639754222313046, -0.228075587641795, -0.055341317520973675, 0.13949591433808137, -0.49920099074939933, 0.10388066418559631, 0.9197660137254446, 0.2986973575674498, -0.33104297037418773, 0.8130744800429656, -0.048594008987493206, -0.5021808720757587, 0.10265594703319827, 0.36357109206323956, 0.6767253159463581, 0.5944486002556192, 0.6779212720830821, 0.24750433066457617, -0.30541938605414987, 0.6437712645741024, 0.7473780554631289, -0.03534988354147252, 0.4973198052367827, 0.6412381310321201, 0.2250377325184072, -0.2030789220898165, 0.6166976809789849, 0.8595702845978185, 0.21834437883795627, 0.628989473598703, -0.41200004450920746], [0.5206652828853207, 1.0, 0.29123812860963605, -0.2004956337368691, 0.2590631001915433, 0.4009623759826331, 0.2927288939514574, 0.1672156945735791, -0.34106469817266505, -0.0388704468357315, -0.16537305182006595, 0.18314735110405334, 0.05300714315894969, -0.28248127797342737, -0.001990138675566355, 0.5054828074717563, 0.11416682093955897, -0.2629007810225513, 0.38896786848397885, 0.033144167226613216, -0.3170135577985789, 0.14872476443202598, 0.07724397940554731, 0.42431578346677584, 0.4221244962806834, 0.5449995070188143, 0.10242404524564291, -0.3296825668918858, 0.39960127612770685, 0.38530063569282313, -0.014410226900136092, 0.28146089770598304, 0.4041205459773369, 0.1187969262458472, 0.2498456879971376, 0.30021982709202477, 0.5371818800245489, 0.15615596128547182, 0.4031737256849488, -0.34199222538768986], [0.3996903510555183, 0.29123812860963605, 1.0, -0.047204608743951576, -0.060759801273857696, 0.5046048876249118, 0.5209984680182367, 0.430361405593808, -0.6091915066810485, 0.5194152443378363, -0.6374537275716268, -0.025668961834197288, 0.11204767831162353, -0.34795432689460304, 0.3817778796923153, 0.43578368137082046, 0.17193174264379085, -0.11318527111494922, 0.4195776483018199, 0.18189318993562215, -0.40300462554395183, 0.20129613018555198, 0.1502563899379384, 0.4446489078900853, 0.5916506514477747, 0.4147351164634029, -0.22282144045550428, -0.5452274316727543, 0.3584018662341149, 0.5078274463131661, 0.12995754355366407, 0.6033630261563085, 0.49435807466726656, 0.2322874520570782, -0.1896830703806981, 0.48842379866355506, 0.48527447859920086, 0.1187072645835459, 0.40079341519035466, -0.5092925859777703], [-0.21278156242201032, -0.2004956337368691, -0.047204608743951576, 1.0, 0.038632929766415636, -0.17092049485572258, 0.01349530580547927, -0.10311923250181614, 0.09326973566239329, 0.34212715888316947, -0.23172152853377084, -0.14619588150713955, -0.007314745295239451, 0.13391337145911783, -0.21533263667874492, -0.2151720726922085, -0.10043060064643777, 0.4532272199672887, -0.2110453496091007, 0.21531997920251328, 0.06410568046485599, -0.2910218047375769, 0.14113659752012633, -0.13648066814169416, -0.20473158255449264, -0.19351580997823697, -0.09669316207414058, 0.04668081798615921, -0.22896028879277608, -0.036491166463767204, 0.2824936004473803, -0.060473600812140156, -0.049428286079709075, 0.08012575765949621, 0.1452672726769274, -0.16029868435427005, -0.2872417955460453, -0.10807820347269241, -0.12909276531116293, 0.25194771029592766], [-0.04017224509749137, 0.2590631001915433, -0.060759801273857696, 0.038632929766415636, 1.0, -0.027803411166349937, -0.07748895965296661, -0.29779079545892734, -0.03973566721083424, -0.14923593502957866, 0.15779733927212777, 0.07436165803784078, 0.10484430809564543, -0.04963149085359423, -0.10829487320991153, -0.04700075575442375, -0.23518632211964421, -0.18946864798581203, 0.05019216648275229, -0.20079970089729607, -0.033923647790287496, 0.0010005668110582078, 0.036105000915461725, 0.003415288784122984, 0.014836230745238205, 0.07878851938370507, -0.07134249611084172, -0.2503482622181766, 0.07023010741220731, -0.19531664231120507, -0.0044181912194842885, 0.0677711938981435, 0.016996315472829992, 0.053424649798591434, 0.5018829751128223, 0.2091417157514864, 0.03504529906131185, 0.08737151057043828, 0.1215312359761369, -0.1831507686821298], [0.7189073644623784, 0.4009623759826331, 0.5046048876249118, -0.17092049485572258, -0.027803411166349937, 1.0, 0.6496002396749495, 0.3958841216574898, -0.6701966810863952, 0.1443944555745559, -0.3042924369502974, -0.03163020455832067, -0.0012409305944090627, -0.8812587892166577, 0.27174632803755705, 0.7391173353732533, 0.3105828274009657, -0.3716014871997154, 0.6424476428106043, -0.14379820036621607, -0.8656772024825031, 0.3083690332747214, 0.6126941360800594, 0.9073722856022711, 0.8928510591595797, 0.6728735887933855, 0.17668927488849318, -0.6934127967823288, 0.889748158704909, 0.7659537299376957, 0.2520187938990597, 0.8073406055456158, 0.8320375298806039, 0.32558135914063047, -0.27292760453123976, 0.7220670553748513, 0.7314568861198577, 0.23709953847232038, 0.7778039276090223, -0.554974664670737], [0.5825948113162989, 0.2927288939514574, 0.5209984680182367, 0.01349530580547927, -0.07748895965296661, 0.6496002396749495, 1.0, 0.4850813392068931, -0.5299533902830423, 0.38643687577748037, -0.5243505675818944, -0.07777262928949442, 0.1786024100716085, -0.517958142674322, 0.16885546503563154, 0.6642905591819658, 0.34601666569716816, -0.12831106762664962, 0.5694660374003466, 0.056621353469160814, -0.5475033165873504, 0.2999622924216569, 0.2567218998851465, 0.5703879736842352, 0.5989252805403198, 0.6300064957954528, -0.16505439729554472, -0.5214311885318653, 0.591279240370018, 0.6163009967779263, 0.04918013504391736, 0.5267274092228111, 0.638203147741817, 0.37631852838284763, -0.28001348505533896, 0.5528141970101507, 0.6660365873144588, 0.17231106893797812, 0.4748411147956071, -0.3958592572947808], [0.39013413087421367, 0.1672156945735791, 0.430361405593808, -0.10311923250181614, -0.29779079545892734, 0.3958841216574898, 0.4850813392068931, 1.0, -0.41639080714760585, 0.1900426407960067, -0.45939587066214393, 0.2859752091778668, 0.14536151855423185, -0.313635664176069, 0.18253340169453175, 0.40374990315534665, 0.3481725526570301, -0.1357893899040482, 0.3512798763931347, 0.2225068427078893, -0.30963138443924265, 0.22036354615709833, -0.06285813973619538, 0.2730580922943753, 0.39073608791150427, 0.4406607031931576, -0.10820182164854614, -0.2776728954418858, 0.3680531719570623, 0.35265729473657564, 0.23398402989952694, 0.3174152206423987, 0.14262748967030867, 0.07777186078081101, -0.5922474193894044, 0.25387725110071985, 0.4140132229497496, 0.14243147651549762, 0.23905479876486516, -0.32451991597219887], [-0.5783636897057262, -0.34106469817266505, -0.6091915066810485, 0.09326973566239329, -0.03973566721083424, -0.6701966810863952, -0.5299533902830423, -0.41639080714760585, 1.0, -0.16390115973853345, 0.38129030441817235, 0.12204715913231255, -0.08190228519944741, 0.5362311903684385, -0.38620229614449697, -0.6476122502945421, -0.1315973199093578, 0.37770179469053944, -0.5489807605144463, -0.19584484270282992, 0.5571173203000594, -0.3082870537414299, -0.3245708177068336, -0.5979950333594442, -0.7075829038209461, -0.4749061909832136, 0.06304242280814504, 0.601534093264049, -0.5597869624765989, -0.5959214508715005, -0.06550399473251653, -0.6781882794702729, -0.6072844847596846, -0.41228170449541235, 0.1785176150831393, -0.6665582256631252, -0.6922427540953257, -0.19798140843906803, -0.5849391734348268, 0.6724320190685937], [0.09639754222313046, -0.0388704468357315, 0.5194152443378363, 0.34212715888316947, -0.14923593502957866, 0.1443944555745559, 0.38643687577748037, 0.1900426407960067, -0.16390115973853345, 1.0, -0.7457152049094562, -0.3444945336943529, 0.11470056659746851, -0.1178274513893917, 0.2256204058178774, 0.11402314049838946, 0.08394177140746577, 0.3341859709390793, 0.15092487255946332, 0.19653239785268173, -0.125950145412658, -0.1069622879939327, 0.1671787546806398, 0.07064340284884463, 0.1572320331896392, 0.05122772869274832, -0.19499027278240932, -0.2354634576383286, 0.028671017841644178, 0.25855269000896025, 0.1526272411418477, 0.2978350145224103, 0.1960219902848038, 0.18682014894154222, -0.07596732176231258, 0.172710676755902, 0.12019018996694714, -0.058898323848285146, 0.04767012997487885, -0.10935078375583873], [-0.228075587641795, -0.16537305182006595, -0.6374537275716268, -0.23172152853377084, 0.15779733927212777, -0.3042924369502974, -0.5243505675818944, -0.45939587066214393, 0.38129030441817235, -0.7457152049094562, 1.0, -0.14474200762666242, -0.18213435480606413, 0.26924828448931004, -0.23256497178013108, -0.2673109765224332, -0.15684322132432055, -0.26276535759966724, -0.24237001420261603, -0.24650541178208277, 0.3357348484121761, -0.14131413508205204, -0.025847171207514032, -0.18953613467560224, -0.3499786769821407, -0.20663325285272455, 0.26737849901180877, 0.4190826194905347, -0.19034615539962926, -0.36547297644456866, -0.17455997823221664, -0.42330062058363954, -0.3093911991304026, -0.25690669218717305, 0.18770325341743244, -0.16320296461892092, -0.27450547786832474, -0.08982152020749927, -0.08473743079345764, 0.23667681352140307], [-0.055341317520973675, 0.18314735110405334, -0.025668961834197288, -0.14619588150713955, 0.07436165803784078, -0.03163020455832067, -0.07777262928949442, 0.2859752091778668, 0.12204715913231255, -0.3444945336943529, -0.14474200762666242, 1.0, -0.09072031881113371, -0.042672725820716816, -0.11348861595740502, -0.06706150258843703, -0.01633010415964303, -0.05959797994248389, -0.08470151656720616, -0.043591763693442184, -0.11069527626654033, 0.25831444927134395, -0.31248515561839363, -0.08118188331122833, 0.03478711190148715, 0.028520132919678257, -0.045246551548043225, -0.06573038010619822, 0.023667835556008137, -0.11865475839661638, 0.06995723833127877, -0.007955591462364995, -0.09153762548575635, -0.15052368158479468, -0.08582155069120158, -0.23429137537216457, -0.059762988519244435, 0.0035195504139428064, -0.21477988671438641, 0.012292712442336687], [0.13949591433808137, 0.05300714315894969, 0.11204767831162353, -0.007314745295239451, 0.10484430809564543, -0.0012409305944090627, 0.1786024100716085, 0.14536151855423185, -0.08190228519944741, 0.11470056659746851, -0.18213435480606413, -0.09072031881113371, 1.0, 0.08616789248742134, -0.15231145859552378, 0.09453650896117666, -0.10154267834891482, 0.14907989597661225, 0.29702701351629973, 0.17004219767510398, 0.14774164505662826, -0.138514390233693, 0.012176622195381088, -0.006162830856747403, -0.05393198906687553, 0.10005663916268336, -0.14963671350681026, 0.0182143888958302, -0.033211841826895176, 0.10562208555493134, 0.10155065102723593, 0.014899510989891314, -0.015300976553126941, 0.0463478647271467, -0.08380250145648971, 0.03103381532193474, 0.15236180029884663, 0.364473176834256, 0.14788418818446092, -0.05423682958875492], [-0.49920099074939933, -0.28248127797342737, -0.34795432689460304, 0.13391337145911783, -0.04963149085359423, -0.8812587892166577, -0.517958142674322, -0.313635664176069, 0.5362311903684385, -0.1178274513893917, 0.26924828448931004, -0.042672725820716816, 0.08616789248742134, 1.0, -0.29907503414532516, -0.512370295360759, -0.23033543204212692, 0.3134392658964324, -0.42526189826660965, 0.24831658202595885, 0.8773814894892523, -0.35972925622455054, -0.5928072907059481, -0.7781454296300075, -0.8035647586764353, -0.5285179058085272, -0.1483510604067627, 0.6867653265689998, -0.8814721931351188, -0.6075308255428931, -0.3578345947524675, -0.7479391646979494, -0.7370180203284431, -0.3177359529743765, 0.2320494704203383, -0.5965879340830077, -0.5106284080706973, -0.1852562937435114, -0.6482174328146427, 0.4850973415973681], [0.10388066418559631, -0.001990138675566355, 0.3817778796923153, -0.21533263667874492, -0.10829487320991153, 0.27174632803755705, 0.16885546503563154, 0.18253340169453175, -0.38620229614449697, 0.2256204058178774, -0.23256497178013108, -0.11348861595740502, -0.15231145859552378, -0.29907503414532516, 1.0, 0.14600583343640125, 4.393823517012829e-05, -0.053009135330513234, -0.022382315276920937, -0.10918872277970171, -0.19840876561698603, 0.2375947049690146, 0.0780849829065739, 0.1685803260661317, 0.30704007938523975, 0.060409682775494494, -0.17668027626839874, -0.3128221734392241, 0.28698581904126347, 0.20039477332949657, 0.09444661291523017, 0.3456447916225788, 0.3082123073546858, 0.21304693137425895, -0.13185967092868373, 0.27407920849548906, 0.19539443310705315, -0.22222479457654995, 0.2536612636599888, -0.33073486748509556], [0.9197660137254446, 0.5054828074717563, 0.43578368137082046, -0.2151720726922085, -0.04700075575442375, 0.7391173353732533, 0.6642905591819658, 0.40374990315534665, -0.6476122502945421, 0.11402314049838946, -0.2673109765224332, -0.06706150258843703, 0.09453650896117666, -0.512370295360759, 0.14600583343640125, 1.0, 0.3050818098420943, -0.34937643057121864, 0.7917828565264314, -0.04560567959092807, -0.5154092688534678, 0.15013736121665847, 0.36697239881155325, 0.6777380057499022, 0.6203310279046677, 0.6815574904292121, 0.0806695159432007, -0.3395338736443511, 0.6809310959328851, 0.766733540956445, -0.07761465364527301, 0.539121848727136, 0.6799621631270976, 0.291569495154446, -0.18807755218645794, 0.6322274174991083, 0.9142281914054586, 0.22861111589762567, 0.6328160709275233, -0.44837512781804395], [0.2986973575674498, 0.11416682093955897, 0.17193174264379085, -0.10043060064643777, -0.23518632211964421, 0.3105828274009657, 0.34601666569716816, 0.3481725526570301, -0.1315973199093578, 0.08394177140746577, -0.15684322132432055, -0.01633010415964303, -0.10154267834891482, -0.23033543204212692, 4.393823517012829e-05, 0.3050818098420943, 1.0, -0.14526912568807254, 0.26844871008324944, -0.050415718144607616, -0.27686567606571694, 0.1157057163661113, 0.07501414191382165, 0.227059642098232, 0.29604211319700013, 0.33404388879859787, -0.058757567939901244, -0.2357724826282515, 0.27811090452895354, 0.31811356936252083, -0.018099635570593936, 0.23526764330717267, 0.29610110931591105, 0.10573736407511883, -0.039602419233877646, 0.26326179984817943, 0.2932931979309157, 0.03301705053451027, 0.26563566689213536, -0.13085595565422872], [-0.33104297037418773, -0.2629007810225513, -0.11318527111494922, 0.4532272199672887, -0.18946864798581203, -0.3716014871997154, -0.12831106762664962, -0.1357893899040482, 0.37770179469053944, 0.3341859709390793, -0.26276535759966724, -0.05959797994248389, 0.14907989597661225, 0.3134392658964324, -0.053009135330513234, -0.34937643057121864, -0.14526912568807254, 1.0, -0.34191553882072223, 0.21381064844161415, 0.3091315271222303, -0.29000759409704996, -0.1457058581478841, -0.4057421048402468, -0.4450598117393431, -0.28786421506486276, -0.19431413136131656, 0.32275606350981273, -0.43811134318052997, -0.2434664557712197, 0.21798145584205522, -0.256311510170324, -0.2489592707037796, -0.0018557611497671915, 0.0743435573537618, -0.443916930472795, -0.42843779482996736, -0.05621565735489023, -0.42757140399606897, 0.4713860465847955], [0.8130744800429656, 0.38896786848397885, 0.4195776483018199, -0.2110453496091007, 0.05019216648275229, 0.6424476428106043, 0.5694660374003466, 0.3512798763931347, -0.5489807605144463, 0.15092487255946332, -0.24237001420261603, -0.08470151656720616, 0.29702701351629973, -0.42526189826660965, -0.022382315276920937, 0.7917828565264314, 0.26844871008324944, -0.34191553882072223, 1.0, -0.03673200124305821, -0.4616530402690089, 0.12736827849328833, 0.35491347139047047, 0.5917935051097133, 0.5742603723584881, 0.5504756065795497, 0.1700571646148064, -0.3317054991824953, 0.5844428367491239, 0.6478715885043773, 0.026507652175244555, 0.4744703841539906, 0.5797940497921074, 0.23739876652829195, -0.21162848015038313, 0.582383664317464, 0.7730777626709124, 0.5037693019131841, 0.5876134744777153, -0.41896984850546043], [-0.048594008987493206, 0.033144167226613216, 0.18189318993562215, 0.21531997920251328, -0.20079970089729607, -0.14379820036621607, 0.056621353469160814, 0.2225068427078893, -0.19584484270282992, 0.19653239785268173, -0.24650541178208277, -0.043591763693442184, 0.17004219767510398, 0.24831658202595885, -0.10918872277970171, -0.04560567959092807, -0.050415718144607616, 0.21381064844161415, -0.03673200124305821, 1.0, 0.1182827997461708, -0.06039254487039686, -0.10175697783835085, -0.1528486158604597, -0.06254878572042974, -0.08775456001843297, -0.11752978927658844, -0.0014830856250471034, -0.4122450266848575, -0.08117595428461716, -0.046075235896873935, -0.030510110017242378, -0.07527591846347298, 0.22641145854187258, -0.08289518706890744, -0.05068529208433955, -0.013772049456387424, -0.089226742049594, -0.09000334791593002, -0.12301082899066787], [-0.5021808720757587, -0.3170135577985789, -0.40300462554395183, 0.06410568046485599, -0.033923647790287496, -0.8656772024825031, -0.5475033165873504, -0.30963138443924265, 0.5571173203000594, -0.125950145412658, 0.3357348484121761, -0.11069527626654033, 0.14774164505662826, 0.8773814894892523, -0.19840876561698603, -0.5154092688534678, -0.27686567606571694, 0.3091315271222303, -0.4616530402690089, 0.1182827997461708, 1.0, -0.45784732888663077, -0.5361428118673388, -0.8145922707457803, -0.8815666524390725, -0.5281169518413409, -0.098416060408115, 0.8294428679090498, -0.8079209027466856, -0.5919924458887381, -0.33924556965022096, -0.7465797558540226, -0.748276996156863, -0.29997731674689443, 0.1836504494667212, -0.5750374220767971, -0.5177393227077316, -0.22828928704518606, -0.6316417316716596, 0.49577841995570976], [0.10265594703319827, 0.14872476443202598, 0.20129613018555198, -0.2910218047375769, 0.0010005668110582078, 0.3083690332747214, 0.2999622924216569, 0.22036354615709833, -0.3082870537414299, -0.1069622879939327, -0.14131413508205204, 0.25831444927134395, -0.138514390233693, -0.35972925622455054, 0.2375947049690146, 0.15013736121665847, 0.1157057163661113, -0.29000759409704996, 0.12736827849328833, -0.06039254487039686, -0.45784732888663077, 1.0, 0.03790368566841751, 0.28028204271950846, 0.41771150927769635, 0.1540610002708722, -0.11659755261524184, -0.4736084265937191, 0.3375217931433737, 0.1691862147858292, 0.05727356479957702, 0.31749788976555415, 0.3007046957910707, 0.09411368361207281, -0.072883047185997, 0.278214146339832, 0.21131064355262424, 0.10316675944934198, 0.21156093014251307, -0.4252310354876565], [0.36357109206323956, 0.07724397940554731, 0.1502563899379384, 0.14113659752012633, 0.036105000915461725, 0.6126941360800594, 0.2567218998851465, -0.06285813973619538, -0.3245708177068336, 0.1671787546806398, -0.025847171207514032, -0.31248515561839363, 0.012176622195381088, -0.5928072907059481, 0.0780849829065739, 0.36697239881155325, 0.07501414191382165, -0.1457058581478841, 0.35491347139047047, -0.10175697783835085, -0.5361428118673388, 0.03790368566841751, 1.0, 0.5552190891007494, 0.483915755344732, 0.3119814895314372, 0.3241983999427843, -0.38921111472842435, 0.5115838261970884, 0.5777044481468463, 0.3239951958408477, 0.4276124754317773, 0.5986775690286024, 0.2697214627146623, -0.026671574959847327, 0.5050799572407735, 0.3079007053467272, 0.028895446699434953, 0.6220672626105141, -0.2825892873019523], [0.6767253159463581, 0.42431578346677584, 0.4446489078900853, -0.13648066814169416, 0.003415288784122984, 0.9073722856022711, 0.5703879736842352, 0.2730580922943753, -0.5979950333594442, 0.07064340284884463, -0.18953613467560224, -0.08118188331122833, -0.006162830856747403, -0.7781454296300075, 0.1685803260661317, 0.6777380057499022, 0.227059642098232, -0.4057421048402468, 0.5917935051097133, -0.1528486158604597, -0.8145922707457803, 0.28028204271950846, 0.5552190891007494, 1.0, 0.834401808246828, 0.6453067750389209, 0.2420028914392263, -0.6355092036522959, 0.8148933760606915, 0.691804689551883, 0.17203253790495457, 0.710939904680789, 0.7636862459283668, 0.2602658206132349, -0.15736916536986684, 0.6644476049452562, 0.6666721212800838, 0.2797300322138568, 0.7431084673571599, -0.4971204703314551], [0.5944486002556192, 0.4221244962806834, 0.5916506514477747, -0.20473158255449264, 0.014836230745238205, 0.8928510591595797, 0.5989252805403198, 0.39073608791150427, -0.7075829038209461, 0.1572320331896392, -0.3499786769821407, 0.03478711190148715, -0.05393198906687553, -0.8035647586764353, 0.30704007938523975, 0.6203310279046677, 0.29604211319700013, -0.4450598117393431, 0.5742603723584881, -0.06254878572042974, -0.8815666524390725, 0.41771150927769635, 0.483915755344732, 0.834401808246828, 1.0, 0.5800607518674779, 0.031281638971994895, -0.8667455292690772, 0.8099410346235915, 0.675762655648042, 0.18397507895737472, 0.8064716232541024, 0.7810837908668687, 0.2745700505902376, -0.23998841415923156, 0.7159231524176783, 0.6738763347587761, 0.25438887199108423, 0.7398420165742133, -0.6341367723489714], [0.6779212720830821, 0.5449995070188143, 0.4147351164634029, -0.19351580997823697, 0.07878851938370507, 0.6728735887933855, 0.6300064957954528, 0.4406607031931576, -0.4749061909832136, 0.05122772869274832, -0.20663325285272455, 0.028520132919678257, 0.10005663916268336, -0.5285179058085272, 0.060409682775494494, 0.6815574904292121, 0.33404388879859787, -0.28786421506486276, 0.5504756065795497, -0.08775456001843297, -0.5281169518413409, 0.1540610002708722, 0.3119814895314372, 0.6453067750389209, 0.5800607518674779, 1.0, 0.07999226859030746, -0.40721119708681175, 0.5996584411154778, 0.5626046259848414, 0.06091343570710292, 0.45509188886815, 0.5692878563687472, 0.07253915121458282, -0.15234705066350684, 0.5275822009184257, 0.6839768364966471, 0.16133373248061242, 0.5128794598142086, -0.4457210093405626], [0.24750433066457617, 0.10242404524564291, -0.22282144045550428, -0.09669316207414058, -0.07134249611084172, 0.17668927488849318, -0.16505439729554472, -0.10820182164854614, 0.06304242280814504, -0.19499027278240932, 0.26737849901180877, -0.045246551548043225, -0.14963671350681026, -0.1483510604067627, -0.17668027626839874, 0.0806695159432007, -0.058757567939901244, -0.19431413136131656, 0.1700571646148064, -0.11752978927658844, -0.098416060408115, -0.11659755261524184, 0.3241983999427843, 0.2420028914392263, 0.031281638971994895, 0.07999226859030746, 1.0, 0.12834487202658254, 0.1363278087257528, 0.11043528032557971, -0.06215167676985139, -0.051955707206894915, 0.0741117189435373, -0.05769306513108689, -0.0925638695341801, 0.05004688548490029, 0.0486341897256723, -0.04745125003171018, 0.15050253529414045, 0.09436013091165082], [-0.30541938605414987, -0.3296825668918858, -0.5452274316727543, 0.04668081798615921, -0.2503482622181766, -0.6934127967823288, -0.5214311885318653, -0.2776728954418858, 0.601534093264049, -0.2354634576383286, 0.4190826194905347, -0.06573038010619822, 0.0182143888958302, 0.6867653265689998, -0.3128221734392241, -0.3395338736443511, -0.2357724826282515, 0.32275606350981273, -0.3317054991824953, -0.0014830856250471034, 0.8294428679090498, -0.4736084265937191, -0.38921111472842435, -0.6355092036522959, -0.8667455292690772, -0.40721119708681175, 0.12834487202658254, 1.0, -0.6285920174075795, -0.4589733349430246, -0.24410843553326686, -0.7223663800546729, -0.6473956907241443, -0.23748992187495693, 0.05294357465078528, -0.5784531542477876, -0.4346417310195342, -0.20305792588853694, -0.5847325401244541, 0.5758971062930115], [0.6437712645741024, 0.39960127612770685, 0.3584018662341149, -0.22896028879277608, 0.07023010741220731, 0.889748158704909, 0.591279240370018, 0.3680531719570623, -0.5597869624765989, 0.028671017841644178, -0.19034615539962926, 0.023667835556008137, -0.033211841826895176, -0.8814721931351188, 0.28698581904126347, 0.6809310959328851, 0.27811090452895354, -0.43811134318052997, 0.5844428367491239, -0.4122450266848575, -0.8079209027466856, 0.3375217931433737, 0.5115838261970884, 0.8148933760606915, 0.8099410346235915, 0.5996584411154778, 0.1363278087257528, -0.6285920174075795, 1.0, 0.6671040723417652, 0.2215740778099334, 0.7004793427203952, 0.7417125645197504, 0.2511591668931059, -0.20576944189150584, 0.6564041466725443, 0.6715139260806976, 0.2497564372664837, 0.7075453928092114, -0.4536044759356688], [0.7473780554631289, 0.38530063569282313, 0.5078274463131661, -0.036491166463767204, -0.19531664231120507, 0.7659537299376957, 0.6163009967779263, 0.35265729473657564, -0.5959214508715005, 0.25855269000896025, -0.36547297644456866, -0.11865475839661638, 0.10562208555493134, -0.6075308255428931, 0.20039477332949657, 0.766733540956445, 0.31811356936252083, -0.2434664557712197, 0.6478715885043773, -0.08117595428461716, -0.5919924458887381, 0.1691862147858292, 0.5777044481468463, 0.691804689551883, 0.675762655648042, 0.5626046259848414, 0.11043528032557971, -0.4589733349430246, 0.6671040723417652, 1.0, 0.1384748503312136, 0.6171680303932179, 0.7412630231187644, 0.2571609979217986, -0.21766463472248604, 0.6207162365424506, 0.7066580003753093, 0.1896183109099949, 0.6597624994636522, -0.4182088167250527], [-0.03534988354147252, -0.014410226900136092, 0.12995754355366407, 0.2824936004473803, -0.0044181912194842885, 0.2520187938990597, 0.04918013504391736, 0.23398402989952694, -0.06550399473251653, 0.1526272411418477, -0.17455997823221664, 0.06995723833127877, 0.10155065102723593, -0.3578345947524675, 0.09444661291523017, -0.07761465364527301, -0.018099635570593936, 0.21798145584205522, 0.026507652175244555, -0.046075235896873935, -0.33924556965022096, 0.05727356479957702, 0.3239951958408477, 0.17203253790495457, 0.18397507895737472, 0.06091343570710292, -0.06215167676985139, -0.24410843553326686, 0.2215740778099334, 0.1384748503312136, 1.0, 0.27800917756020993, 0.11190679080856804, 0.1838146076189602, -0.17300999225623795, 0.046976176684568306, -0.12612770420384076, 0.12572070110984773, 0.13468395022448143, 0.030837341168274673], [0.4973198052367827, 0.28146089770598304, 0.6033630261563085, -0.060473600812140156, 0.0677711938981435, 0.8073406055456158, 0.5267274092228111, 0.3174152206423987, -0.6781882794702729, 0.2978350145224103, -0.42330062058363954, -0.007955591462364995, 0.014899510989891314, -0.7479391646979494, 0.3456447916225788, 0.539121848727136, 0.23526764330717267, -0.256311510170324, 0.4744703841539906, -0.030510110017242378, -0.7465797558540226, 0.31749788976555415, 0.4276124754317773, 0.710939904680789, 0.8064716232541024, 0.45509188886815, -0.051955707206894915, -0.7223663800546729, 0.7004793427203952, 0.6171680303932179, 0.27800917756020993, 1.0, 0.6584709564604344, 0.27938427761986456, -0.177515229481711, 0.6614856369122166, 0.524762562559099, 0.18025264381745956, 0.6072792427491834, -0.6278482896113963], [0.6412381310321201, 0.4041205459773369, 0.49435807466726656, -0.049428286079709075, 0.016996315472829992, 0.8320375298806039, 0.638203147741817, 0.14262748967030867, -0.6072844847596846, 0.1960219902848038, -0.3093911991304026, -0.09153762548575635, -0.015300976553126941, -0.7370180203284431, 0.3082123073546858, 0.6799621631270976, 0.29610110931591105, -0.2489592707037796, 0.5797940497921074, -0.07527591846347298, -0.748276996156863, 0.3007046957910707, 0.5986775690286024, 0.7636862459283668, 0.7810837908668687, 0.5692878563687472, 0.0741117189435373, -0.6473956907241443, 0.7417125645197504, 0.7412630231187644, 0.11190679080856804, 0.6584709564604344, 1.0, 0.34303078446834445, -0.13920425946413426, 0.6589632423122639, 0.6841159264664292, 0.17730784277969217, 0.7051009738605599, -0.5186178836498373], [0.2250377325184072, 0.1187969262458472, 0.2322874520570782, 0.08012575765949621, 0.053424649798591434, 0.32558135914063047, 0.37631852838284763, 0.07777186078081101, -0.41228170449541235, 0.18682014894154222, -0.25690669218717305, -0.15052368158479468, 0.0463478647271467, -0.3177359529743765, 0.21304693137425895, 0.291569495154446, 0.10573736407511883, -0.0018557611497671915, 0.23739876652829195, 0.22641145854187258, -0.29997731674689443, 0.09411368361207281, 0.2697214627146623, 0.2602658206132349, 0.2745700505902376, 0.07253915121458282, -0.05769306513108689, -0.23748992187495693, 0.2511591668931059, 0.2571609979217986, 0.1838146076189602, 0.27938427761986456, 0.34303078446834445, 1.0, -0.0783262340327036, 0.2950132555988193, 0.3145086634537575, -0.0729861129620618, 0.2882609521486452, -0.2750369481386327], [-0.2030789220898165, 0.2498456879971376, -0.1896830703806981, 0.1452672726769274, 0.5018829751128223, -0.27292760453123976, -0.28001348505533896, -0.5922474193894044, 0.1785176150831393, -0.07596732176231258, 0.18770325341743244, -0.08582155069120158, -0.08380250145648971, 0.2320494704203383, -0.13185967092868373, -0.18807755218645794, -0.039602419233877646, 0.0743435573537618, -0.21162848015038313, -0.08289518706890744, 0.1836504494667212, -0.072883047185997, -0.026671574959847327, -0.15736916536986684, -0.23998841415923156, -0.15234705066350684, -0.0925638695341801, 0.05294357465078528, -0.20576944189150584, -0.21766463472248604, -0.17300999225623795, -0.177515229481711, -0.13920425946413426, -0.0783262340327036, 1.0, -0.13158446756789702, -0.18893701974724728, -0.08354852040658667, -0.10174459650846454, 0.11933956699138194], [0.6166976809789849, 0.30021982709202477, 0.48842379866355506, -0.16029868435427005, 0.2091417157514864, 0.7220670553748513, 0.5528141970101507, 0.25387725110071985, -0.6665582256631252, 0.172710676755902, -0.16320296461892092, -0.23429137537216457, 0.03103381532193474, -0.5965879340830077, 0.27407920849548906, 0.6322274174991083, 0.26326179984817943, -0.443916930472795, 0.582383664317464, -0.05068529208433955, -0.5750374220767971, 0.278214146339832, 0.5050799572407735, 0.6644476049452562, 0.7159231524176783, 0.5275822009184257, 0.05004688548490029, -0.5784531542477876, 0.6564041466725443, 0.6207162365424506, 0.046976176684568306, 0.6614856369122166, 0.6589632423122639, 0.2950132555988193, -0.13158446756789702, 1.0, 0.6802723898383201, 0.11163217180336985, 0.6864675541037617, -0.6502007265576297], [0.8595702845978185, 0.5371818800245489, 0.48527447859920086, -0.2872417955460453, 0.03504529906131185, 0.7314568861198577, 0.6660365873144588, 0.4140132229497496, -0.6922427540953257, 0.12019018996694714, -0.27450547786832474, -0.059762988519244435, 0.15236180029884663, -0.5106284080706973, 0.19539443310705315, 0.9142281914054586, 0.2932931979309157, -0.42843779482996736, 0.7730777626709124, -0.013772049456387424, -0.5177393227077316, 0.21131064355262424, 0.3079007053467272, 0.6666721212800838, 0.6738763347587761, 0.6839768364966471, 0.0486341897256723, -0.4346417310195342, 0.6715139260806976, 0.7066580003753093, -0.12612770420384076, 0.524762562559099, 0.6841159264664292, 0.3145086634537575, -0.18893701974724728, 0.6802723898383201, 1.0, 0.20840470117717508, 0.6633450157447928, -0.5609923348043017], [0.21834437883795627, 0.15615596128547182, 0.1187072645835459, -0.10807820347269241, 0.08737151057043828, 0.23709953847232038, 0.17231106893797812, 0.14243147651549762, -0.19798140843906803, -0.058898323848285146, -0.08982152020749927, 0.0035195504139428064, 0.364473176834256, -0.1852562937435114, -0.22222479457654995, 0.22861111589762567, 0.03301705053451027, -0.05621565735489023, 0.5037693019131841, -0.089226742049594, -0.22828928704518606, 0.10316675944934198, 0.028895446699434953, 0.2797300322138568, 0.25438887199108423, 0.16133373248061242, -0.04745125003171018, -0.20305792588853694, 0.2497564372664837, 0.1896183109099949, 0.12572070110984773, 0.18025264381745956, 0.17730784277969217, -0.0729861129620618, -0.08354852040658667, 0.11163217180336985, 0.20840470117717508, 1.0, 0.25912683145490106, -0.21689069078812112], [0.628989473598703, 0.4031737256849488, 0.40079341519035466, -0.12909276531116293, 0.1215312359761369, 0.7778039276090223, 0.4748411147956071, 0.23905479876486516, -0.5849391734348268, 0.04767012997487885, -0.08473743079345764, -0.21477988671438641, 0.14788418818446092, -0.6482174328146427, 0.2536612636599888, 0.6328160709275233, 0.26563566689213536, -0.42757140399606897, 0.5876134744777153, -0.09000334791593002, -0.6316417316716596, 0.21156093014251307, 0.6220672626105141, 0.7431084673571599, 0.7398420165742133, 0.5128794598142086, 0.15050253529414045, -0.5847325401244541, 0.7075453928092114, 0.6597624994636522, 0.13468395022448143, 0.6072792427491834, 0.7051009738605599, 0.2882609521486452, -0.10174459650846454, 0.6864675541037617, 0.6633450157447928, 0.25912683145490106, 1.0, -0.4833050410928419], [-0.41200004450920746, -0.34199222538768986, -0.5092925859777703, 0.25194771029592766, -0.1831507686821298, -0.554974664670737, -0.3958592572947808, -0.32451991597219887, 0.6724320190685937, -0.10935078375583873, 0.23667681352140307, 0.012292712442336687, -0.05423682958875492, 0.4850973415973681, -0.33073486748509556, -0.44837512781804395, -0.13085595565422872, 0.4713860465847955, -0.41896984850546043, -0.12301082899066787, 0.49577841995570976, -0.4252310354876565, -0.2825892873019523, -0.4971204703314551, -0.6341367723489714, -0.4457210093405626, 0.09436013091165082, 0.5758971062930115, -0.4536044759356688, -0.4182088167250527, 0.030837341168274673, -0.6278482896113963, -0.5186178836498373, -0.2750369481386327, 0.11933956699138194, -0.6502007265576297, -0.5609923348043017, -0.21689069078812112, -0.4833050410928419, 1.0]]